3, 4709
4, 4709
7, 4709
9, 4709
14, 4709
16, 4709
17, 4709
18, 4709
19, 4709
20, 4709
21, 4709
21, 4709
25, 4709
27, 4709
29, 4709
30, 4709
33, 4709
37, 4709
40, 4709
41, 4709
41, 4709
45, 4709
46, 4709
47, 4709
48, 4709
51, 4709
54, 4709
55, 4709
55, 4709
57, 4709
58, 4709
59, 4709
60, 4709
62, 4709
64, 4709
66, 4709
69, 4709
71, 4709
74, 4709
75, 4709
77, 4709
79, 4709
80, 4709
82, 4709
84, 4709
87, 4709
90, 4709
92, 4709
95, 4709
97, 4709
100, 4711
101, 4711
111, 4713
111, 4713
113, 4713
116, 4713
117, 4713
120, 4713
122, 4713
124, 4713
126, 4713
129, 4713
130, 4713
132, 4713
134, 4713
136, 4713
137, 4713
139, 4713
141, 4713
142, 4713
146, 4713
147, 4713
148, 4713
150, 4713
153, 4715
155, 4715
156, 4715
160, 4715
161, 4715
164, 4715
166, 4715
167, 4715
167, 4715
167, 4715
170, 4715
171, 4715
171, 4715
174, 4715
176, 4715
177, 4715
179, 4715
181, 4715
182, 4715
184, 4715
186, 4715
187, 4715
189, 4715
192, 4715
193, 4717
194, 4717
196, 4717
197, 4717
199, 4717
200, 4717
201, 4717
203, 4717
206, 4717
208, 4717
209, 4717
210, 4717
210, 4717
210, 4717
213, 4717
214, 4717
214, 4717
217, 4717
219, 4717
221, 4717
223, 4717
226, 4717
227, 4717
229, 4717
231, 4717
233, 4717
234, 4717
236, 4717
237, 4717
239, 4717
240, 4717
242, 4717
244, 4717
245, 4717
247, 4717
249, 4719
251, 4719
253, 4719
254, 4719
255, 4719
256, 4719
257, 4719
258, 4719
259, 4719
261, 4719
262, 4719
262, 4719
262, 4719
265, 4719
266, 4719
266, 4719
269, 4719
271, 4719
275, 4719
276, 4719
277, 4719
279, 4719
281, 4719
283, 4719
285, 4719
286, 4719
288, 4719
290, 4719
292, 4719
293, 4719
295, 4719
297, 4721
298, 4721
300, 4721
301, 4721
305, 4721
306, 4721
308, 4721
310, 4721
311, 4721
313, 4721
314, 4721
315, 4721
316, 4721
318, 4721
319, 4721
320, 4721
322, 4721
323, 4721
325, 4721
326, 4721
328, 4721
330, 4721
332, 4721
333, 4721
333, 4721
333, 4721
336, 4721
337, 4721
337, 4721
340, 4721
342, 4721
345, 4721
346, 4723
348, 4723
350, 4723
352, 4723
354, 4723
357, 4723
358, 4723
359, 4723
360, 4723
362, 4723
363, 4723
365, 4723
366, 4723
368, 4723
369, 4723
370, 4723
372, 4723
373, 4723
375, 4723
377, 4723
379, 4723
381, 4723
384, 4723
385, 4723
386, 4723
388, 4723
390, 4723
391, 4723
393, 4723
395, 4723
398, 4723
399, 4723
399, 4723
399, 4723
402, 4723
403, 4723
403, 4723
406, 4723
408, 4723
410, 4723
411, 4723
413, 4723
414, 4723
415, 4723
418, 4723
422, 4723
423, 4723
425, 4723
427, 4723
428, 4723
430, 4723
432, 4723
434, 4723
435, 4723
439, 4723
441, 4723
443, 4723
444, 4723
446, 4723
448, 4723
449, 4723
449, 4723
449, 4723
452, 4723
453, 4723
453, 4723
456, 4723
457, 4723
459, 4723
461, 4723
462, 4725
464, 4725
467, 4725
470, 4725
472, 4725
474, 4725
476, 4725
477, 4725
478, 4725
480, 4725
482, 4725
483, 4725
485, 4725
487, 4725
488, 4725
491, 4725
492, 4725
494, 4725
496, 4725
498, 4725
499, 4725
499, 4725
499, 4725
502, 4725
503, 4725
503, 4725
505, 4725
507, 4725
509, 4725
510, 4725
512, 4725
513, 4725
515, 4725
516, 4725
518, 4725
520, 4727
521, 4727
522, 4727
524, 4727
525, 4727
526, 4727
528, 4727
530, 4727
531, 4727
531, 4727
531, 4727
534, 4727
535, 4727
535, 4727
538, 4727
540, 4727
542, 4727
544, 4727
546, 4727
547, 4727
549, 4727
551, 4727
554, 4727
556, 4727
558, 4727
559, 4727
560, 4727
561, 4727
562, 4727
563, 4727
565, 4727
566, 4727
567, 4727
571, 4727
573, 4727
574, 4727
576, 4727
578, 4727
580, 4727
582, 4727
584, 4727
585, 4727
585, 4727
585, 4727
588, 4727
589, 4727
589, 4727
592, 4729
594, 4729
595, 4729
597, 4729
599, 4729
600, 4729
602, 4729
603, 4729
605, 4729
606, 4729
608, 4729
610, 4729
612, 4729
614, 4729
615, 4729
618, 4731
620, 4731
622, 4731
623, 4731
626, 4731
628, 4731
629, 4731
629, 4731
629, 4731
632, 4731
633, 4731
634, 4731
637, 4731
640, 4731
642, 4731
644, 4731
646, 4731
647, 4731
649, 4731
651, 4731
653, 4731
656, 4731
658, 4731
659, 4731
660, 4731
662, 4731
664, 4733
667, 4733
669, 4733
670, 4733
670, 4733
670, 4733
674, 4733
676, 4733
678, 4733
679, 4733
681, 4733
683, 4733
685, 4733
687, 4733
688, 4733
719, 4743
720, 4743
721, 4743
722, 4743
724, 4743
725, 4743
725, 4745
725, 4745
729, 4745
730, 4745
731, 4745
731, 4745
733, 4745
734, 4745
734, 4745
734, 4745
738, 4745
740, 4745
741, 4745
743, 4745
744, 4745
745, 4745
746, 4745
747, 4745
748, 4745
750, 4745
751, 4745
753, 4745
754, 4745
756, 4745
757, 4745
759, 4745
760, 4745
762, 4745
763, 4745
766, 4745
768, 4745
770, 4745
771, 4745
774, 4745
776, 4745
777, 4745
779, 4745
782, 4745
783, 4745
784, 4745
785, 4745
786, 4745
788, 4745
789, 4745
791, 4745
793, 4745
795, 4745
797, 4745
798, 4745
798, 4745
798, 4745
801, 4745
802, 4745
805, 4745
807, 4745
809, 4747
810, 4749
813, 4749
814, 4749
816, 4749
818, 4749
819, 4749
821, 4749
822, 4749
824, 4749
826, 4749
829, 4749
831, 4749
832, 4749
834, 4749
835, 4749
837, 4749
840, 4749
843, 4749
845, 4749
847, 4749
848, 4749
849, 4749
850, 4749
851, 4749
853, 4749
855, 4749
857, 4749
860, 4749
862, 4749
864, 4749
867, 4749
869, 4749
871, 4749
873, 4749
876, 4749
878, 4749
879, 4749
879, 4749
879, 4749
884, 4749
886, 4749
887, 4749
888, 4749
889, 4749
890, 4749
892, 4749
894, 4749
895, 4749
896, 4749
899, 4749
901, 4749
903, 4749
905, 4749
908, 4749
910, 4749
912, 4749
913, 4749
915, 4749
917, 4749
919, 4749
921, 4749
922, 4749
923, 4749
925, 4749
926, 4749
928, 4749
929, 4749
931, 4749
933, 4749
935, 4749
937, 4749
939, 4749
942, 4751
943, 4753
945, 4753
947, 4753
949, 4753
950, 4753
952, 4753
954, 4753
955, 4753
956, 4753
958, 4755
960, 4755
961, 4755
961, 4755
961, 4755
964, 4755
965, 4755
966, 4755
968, 4755
970, 4755
973, 4755
976, 4755
978, 4755
979, 4755
980, 4755
982, 4755
984, 4755
986, 4755
987, 4755
988, 4755
989, 4755
991, 4755
994, 4755
996, 4755
997, 4755
998, 4755
1000, 4755
1002, 4755
1004, 4755
1007, 4755
1008, 4755
1010, 4755
1011, 4755
1012, 4755
1014, 4755
1016, 4755
1019, 4755
1021, 4755
1022, 4755
1024, 4755
1026, 4755
1029, 4755
1031, 4755
1032, 4755
1034, 4755
1035, 4755
1035, 4755
1035, 4755
1040, 4755
1042, 4755
1043, 4755
1044, 4755
1045, 4755
1047, 4755
1049, 4755
1050, 4755
1051, 4755
1053, 4755
1055, 4755
1057, 4755
1058, 4755
1059, 4755
1061, 4755
1063, 4755
1065, 4755
1067, 4755
1068, 4755
1069, 4755
1071, 4755
1072, 4755
1074, 4755
1075, 4755
1077, 4755
1078, 4755
1080, 4755
1082, 4755
1084, 4755
1086, 4755
1088, 4755
1090, 4755
1093, 4755
1094, 4755
1096, 4755
1099, 4755
1101, 4755
1102, 4755
1103, 4755
1104, 4757
1106, 4759
1108, 4761
1108, 4761
1108, 4761
1114, 4761
1116, 4761
1118, 4761
1119, 4761
1123, 4761
1125, 4761
1127, 4761
1128, 4761
1132, 4761
1134, 4761
1136, 4761
1137, 4761
1138, 4761
1139, 4761
1142, 4761
1143, 4761
1145, 4761
1147, 4761
1149, 4761
1150, 4761
1153, 4761
1154, 4761
1192, 4771
1192, 4771
1194, 4771
1196, 4771
1198, 4771
1199, 4771
1200, 4771
1201, 4771
1202, 4771
1204, 4771
1205, 4771
1207, 4771
1209, 4771
1212, 4771
1214, 4771
1216, 4771
1217, 4771
1219, 4771
1221, 4771
1222, 4771
1224, 4771
1227, 4771
1229, 4771
1231, 4771
1232, 4771
1234, 4771
1237, 4771
1238, 4771
1238, 4771
1238, 4771
1241, 4773
1242, 4773
1244, 4773
1245, 4773
1246, 4773
1247, 4773
1248, 4773
1249, 4773
1250, 4773
1251, 4773
1252, 4773
1253, 4773
1254, 4773
1255, 4773
1256, 4773
1257, 4773
1259, 4773
1262, 4773
1266, 4773
1267, 4773
1268, 4773
1269, 4773
1271, 4773
1272, 4773
1274, 4773
1276, 4773
1278, 4773
1280, 4773
1282, 4773
1284, 4773
1286, 4773
1287, 4773
1289, 4773
1291, 4773
1294, 4773
1296, 4773
1297, 4773
1299, 4773
1300, 4773
1301, 4773
1302, 4773
1303, 4773
1305, 4773
1306, 4773
1307, 4773
1309, 4773
1311, 4773
1312, 4773
1313, 4773
1314, 4773
1315, 4777
1316, 4781
1318, 4781
1320, 4781
1321, 4781
1325, 4781
1327, 4781
1330, 4781
1333, 4781
1334, 4781
1335, 4781
1337, 4781
1338, 4781
1340, 4781
1341, 4781
1343, 4781
1346, 4781
1348, 4781
1349, 4783
1350, 4783
1352, 4783
1353, 4783
1356, 4783
1358, 4783
1361, 4783
1363, 4783
1364, 4783
1366, 4783
1370, 4783
1371, 4783
1373, 4783
1374, 4783
1376, 4783
1377, 4783
1379, 4783
1380, 4783
1383, 4783
1385, 4783
1387, 4783
1388, 4783
1390, 4783
1393, 4783
1394, 4783
1396, 4783
1398, 4783
1399, 4783
1401, 4783
1402, 4783
1404, 4783
1407, 4783
1409, 4783
1410, 4783
1410, 4783
1410, 4783
1413, 4783
1414, 4783
1414, 4783
1417, 4783
1420, 4783
1422, 4783
1423, 4783
1424, 4783
1425, 4783
1426, 4783
1427, 4783
1429, 4783
1431, 4783
1433, 4783
1435, 4783
1438, 4783
1440, 4783
1443, 4783
1445, 4783
1446, 4783
1448, 4783
1450, 4783
1452, 4783
1453, 4783
1455, 4783
1456, 4783
1457, 4783
1459, 4783
1460, 4783
1461, 4783
1463, 4783
1465, 4783
1466, 4783
1468, 4783
1469, 4783
1470, 4783
1473, 4783
1475, 4783
1477, 4783
1478, 4783
1480, 4783
1482, 4783
1485, 4783
1488, 4783
1492, 4783
1496, 4783
1497, 4783
1498, 4783
1501, 4783
1505, 4783
1506, 4783
1507, 4783
1508, 4783
1509, 4783
1510, 4783
1511, 4783
1512, 4783
1513, 4783
1514, 4783
1515, 4783
1516, 4783
1517, 4783
1519, 4783
1519, 4783
1519, 4783
1522, 4783
1523, 4783
1523, 4783
1527, 4783
1531, 4783
1532, 4783
1533, 4783
1534, 4783
1535, 4783
1536, 4783
1537, 4783
1538, 4783
1539, 4783
1540, 4783
1541, 4783
1542, 4783
1543, 4783
1545, 4783
1548, 4783
1552, 4783
1553, 4783
1554, 4783
1555, 4783
1557, 4783
1558, 4783
1560, 4785
1562, 4785
1564, 4785
1566, 4785
1568, 4785
1570, 4785
1572, 4785
1573, 4785
1575, 4785
1577, 4785
1578, 4785
1579, 4785
1580, 4785
1585, 4785
1586, 4785
1588, 4785
1589, 4785
1590, 4785
1591, 4785
1592, 4785
1593, 4785
1595, 4785
1596, 4785
1598, 4785
1601, 4785
1603, 4785
1606, 4785
1608, 4785
1609, 4785
1611, 4785
1615, 4785
1616, 4785
1618, 4785
1619, 4785
1621, 4785
1622, 4785
1624, 4785
1625, 4785
1628, 4785
1630, 4785
1632, 4785
1633, 4785
1635, 4785
1638, 4785
1639, 4785
1641, 4785
1643, 4785
1644, 4785
1646, 4785
1647, 4785
1649, 4785
1652, 4785
1654, 4785
1655, 4785
1655, 4785
1655, 4785
1658, 4785
1659, 4785
1659, 4785
1662, 4785
1663, 4785
1664, 4793
1665, 4803
1666, 4803
1667, 4803
1668, 4803
1669, 4803
1670, 4803
1671, 4803
1672, 4803
1673, 4803
1674, 4803
1676, 4803
1678, 4803
1679, 4803
1680, 4803
1681, 4803
1683, 4803
1684, 4803
1686, 4803
1688, 4803
1690, 4803
1692, 4803
1694, 4803
1696, 4803
1698, 4803
1699, 4803
1700, 4803
1702, 4803
1703, 4803
1704, 4803
1705, 4803
1706, 4803
1707, 4803
1710, 4803
1714, 4803
1717, 4803
1718, 4803
1720, 4803
1721, 4803
1723, 4803
1726, 4803
1728, 4803
1730, 4803
1731, 4803
1733, 4803
1736, 4803
1738, 4803
1741, 4803
1743, 4803
1744, 4803
1746, 4803
1748, 4803
1749, 4803
1751, 4803
1753, 4803
1754, 4803
1756, 4803
1757, 4803
1759, 4803
1761, 4803
1762, 4803
1764, 4803
1766, 4803
1768, 4803
1769, 4803
1771, 4803
1773, 4803
1774, 4803
1777, 4803
1780, 4803
1781, 4803
1782, 4803
1783, 4803
1785, 4803
1786, 4803
1789, 4803
1791, 4803
1793, 4803
1794, 4803
1795, 4803
1796, 4803
1798, 4803
1799, 4803
1799, 4803
1799, 4803
1802, 4803
1803, 4803
1803, 4803
1805, 4803
1806, 4803
1807, 4803
1808, 4803
1809, 4803
1811, 4803
1812, 4803
1813, 4803
1814, 4803
1815, 4803
1816, 4803
1817, 4803
1818, 4803
1819, 4803
1820, 4803
1822, 4803
1823, 4803
1824, 4803
1825, 4803
1826, 4803
1829, 4803
1831, 4803
1834, 4803
1836, 4803
1837, 4803
1839, 4803
1840, 4803
1841, 4803
1844, 4803
1846, 4803
1848, 4803
1850, 4803
1853, 4803
1855, 4803
1856, 4803
1857, 4803
1860, 4803
1862, 4803
1864, 4803
1865, 4803
1867, 4803
1870, 4803
1871, 4803
1871, 4803
1871, 4803
1874, 4803
1875, 4803
1875, 4803
1877, 4803
1878, 4803
1881, 4803
1884, 4803
1886, 4803
1887, 4803
1888, 4803
1889, 4803
1892, 4803
1893, 4803
1895, 4803
1897, 4803
1901, 4803
1903, 4803
1905, 4803
1906, 4803
1908, 4803
1910, 4803
1912, 4803
1914, 4803
1916, 4803
1917, 4803
1919, 4803
1922, 4803
1924, 4803
1925, 4803
1929, 4803
1930, 4803
1932, 4803
1933, 4803
1934, 4803
1936, 4803
1938, 4803
1939, 4803
1941, 4803
1943, 4803
1944, 4803
1946, 4803
1947, 4803
1949, 4803
1952, 4803
1954, 4803
1956, 4803
1957, 4803
1957, 4803
1957, 4803
1960, 4803
1961, 4803
1961, 4803
1963, 4803
1964, 4803
1966, 4803
1969, 4803
1970, 4803
1971, 4803
1972, 4803
1974, 4803
1975, 4803
1977, 4803
1979, 4803
1980, 4803
1982, 4803
1983, 4803
1985, 4803
1986, 4803
1989, 4803
1991, 4803
1993, 4803
1994, 4803
1996, 4803
1998, 4803
2000, 4803
2002, 4803
2003, 4803
2007, 4803
2045, 4819
2045, 4819
2047, 4819
2049, 4819
2051, 4819
2052, 4819
2053, 4819
2054, 4819
2055, 4819
2057, 4819
2058, 4819
2060, 4819
2062, 4819
2065, 4819
2067, 4819
2069, 4819
2070, 4819
2072, 4819
2074, 4821
2075, 4821
2077, 4823
2080, 4823
2082, 4823
2084, 4823
2085, 4823
2087, 4823
2090, 4823
2091, 4823
2091, 4823
2091, 4823
2094, 4823
2095, 4823
2097, 4823
2098, 4823
2099, 4823
2100, 4823
2101, 4823
2102, 4823
2103, 4823
2104, 4823
2105, 4823
2106, 4823
2107, 4823
2108, 4823
2109, 4823
2110, 4823
2112, 4823
2115, 4823
2119, 4823
2120, 4823
2121, 4823
2122, 4823
2124, 4823
2125, 4823
2127, 4823
2129, 4823
2131, 4823
2133, 4823
2135, 4823
2137, 4823
2139, 4823
2140, 4823
2142, 4823
2144, 4823
2147, 4823
2149, 4823
2150, 4823
2152, 4823
2153, 4823
2154, 4823
2155, 4823
2156, 4823
2158, 4823
2159, 4823
2160, 4823
2162, 4823
2164, 4823
2165, 4823
2166, 4823
2167, 4823
2168, 4823
2169, 4823
2171, 4823
2173, 4823
2174, 4823
2178, 4823
2180, 4823
2183, 4823
2185, 4823
2187, 4823
2189, 4823
2191, 4823
2192, 4823
2193, 4823
2195, 4823
2196, 4823
2199, 4823
2201, 4823
2204, 4823
2206, 4823
2207, 4835
2209, 4855
2213, 4855
2214, 4855
2216, 4855
2217, 4855
2219, 4855
2220, 4855
2222, 4855
2223, 4855
2226, 4855
2228, 4855
2230, 4855
2231, 4855
2233, 4855
2236, 4855
2237, 4855
2239, 4855
2241, 4855
2242, 4855
2244, 4855
2245, 4855
2247, 4855
2250, 4855
2252, 4855
2253, 4855
2253, 4855
2253, 4855
2256, 4855
2257, 4855
2257, 4855
2260, 4855
2263, 4855
2265, 4855
2266, 4855
2267, 4855
2268, 4855
2269, 4855
2270, 4855
2272, 4855
2274, 4855
2276, 4855
2278, 4855
2281, 4855
2283, 4855
2286, 4855
2288, 4855
2289, 4855
2291, 4855
2293, 4855
2295, 4855
2296, 4855
2298, 4855
2299, 4855
2300, 4855
2302, 4855
2303, 4855
2304, 4855
2306, 4855
2308, 4855
2309, 4855
2311, 4855
2312, 4855
2313, 4855
2316, 4855
2318, 4855
2320, 4855
2321, 4855
2323, 4855
2325, 4855
2328, 4855
2331, 4855
2335, 4855
2339, 4855
2340, 4855
2341, 4855
2344, 4855
2348, 4855
2349, 4855
2350, 4855
2351, 4855
2352, 4855
2353, 4855
2354, 4855
2355, 4855
2356, 4855
2357, 4855
2358, 4855
2359, 4855
2360, 4855
2362, 4855
2362, 4855
2362, 4855
2365, 4855
2366, 4855
2366, 4855
2370, 4855
2374, 4855
2375, 4855
2376, 4855
2377, 4855
2378, 4855
2379, 4855
2380, 4855
2381, 4855
2382, 4855
2383, 4855
2384, 4855
2385, 4855
2386, 4855
2388, 4855
2391, 4855
2395, 4855
2396, 4855
2397, 4855
2398, 4855
2400, 4855
2401, 4855
2403, 4855
2405, 4855
2407, 4855
2409, 4855
2411, 4855
2413, 4855
2415, 4855
2416, 4855
2418, 4855
2420, 4855
2421, 4855
2422, 4855
2423, 4855
2428, 4855
2429, 4855
2431, 4855
2432, 4855
2433, 4855
2434, 4855
2435, 4855
2436, 4855
2438, 4855
2439, 4855
2441, 4855
2444, 4855
2446, 4855
2449, 4855
2451, 4855
2452, 4855
2454, 4855
2458, 4855
2459, 4855
2461, 4855
2462, 4855
2464, 4855
2465, 4855
2467, 4855
2468, 4855
2471, 4855
2473, 4855
2475, 4855
2476, 4855
2478, 4855
2481, 4855
2482, 4855
2484, 4855
2486, 4855
2487, 4855
2489, 4855
2490, 4855
2492, 4855
2495, 4855
2497, 4855
2498, 4855
2498, 4855
2498, 4855
2501, 4855
2502, 4855
2502, 4855
2505, 4855
2506, 4855
2507, 4855
2508, 4855
2509, 4855
2510, 4855
2511, 4855
2512, 4855
2513, 4855
2514, 4855
2515, 4855
2516, 4855
2517, 4855
2519, 4855
2521, 4855
2522, 4855
2523, 4857
2524, 4857
2526, 4857
2527, 4857
2529, 4857
2531, 4857
2533, 4857
2535, 4857
2537, 4857
2539, 4857
2541, 4857
2542, 4857
2543, 4857
2545, 4857
2546, 4857
2547, 4857
2548, 4857
2549, 4857
2550, 4857
2553, 4857
2557, 4857
2560, 4857
2561, 4857
2563, 4857
2564, 4857
2566, 4857
2569, 4857
2571, 4857
2573, 4857
2574, 4857
2576, 4857
2579, 4857
2581, 4857
2584, 4857
2586, 4857
2587, 4857
2589, 4857
2591, 4857
2592, 4857
2594, 4857
2596, 4857
2597, 4857
2599, 4857
2600, 4857
2602, 4857
2604, 4857
2605, 4857
2607, 4857
2609, 4857
2611, 4857
2612, 4857
2614, 4857
2616, 4857
2617, 4857
2620, 4857
2623, 4857
2624, 4857
2625, 4857
2626, 4857
2628, 4857
2629, 4857
2632, 4857
2634, 4857
2636, 4857
2637, 4857
2638, 4857
2639, 4857
2641, 4857
2642, 4857
2642, 4857
2642, 4857
2645, 4857
2646, 4857
2646, 4857
2648, 4857
2649, 4857
2650, 4857
2651, 4857
2652, 4857
2654, 4857
2655, 4857
2656, 4857
2657, 4857
2658, 4857
2659, 4857
2660, 4857
2661, 4857
2662, 4857
2663, 4857
2665, 4857
2666, 4857
2667, 4857
2668, 4857
2669, 4857
2672, 4857
2674, 4857
2677, 4857
2679, 4857
2680, 4857
2682, 4857
2683, 4857
2684, 4857
2687, 4857
2689, 4857
2691, 4857
2693, 4857
2696, 4857
2698, 4857
2699, 4857
2700, 4857
2703, 4857
2705, 4857
2707, 4857
2708, 4857
2710, 4857
2713, 4857
2714, 4857
2714, 4857
2714, 4857
2717, 4857
2718, 4857
2718, 4857
2720, 4857
2721, 4857
2724, 4857
2727, 4857
2729, 4857
2730, 4857
2731, 4857
2732, 4857
2735, 4857
2736, 4857
2738, 4857
2740, 4857
2744, 4857
2746, 4857
2748, 4857
2749, 4857
2751, 4857
2753, 4857
2755, 4857
2757, 4857
2759, 4857
2760, 4857
2762, 4857
2765, 4857
2767, 4857
2768, 4857
2772, 4857
2773, 4857
2775, 4857
2776, 4857
2777, 4857
2779, 4857
2781, 4857
2782, 4857
2784, 4857
2786, 4857
2787, 4857
2789, 4857
2790, 4857
2792, 4857
2795, 4857
2797, 4857
2799, 4857
2800, 4857
2800, 4857
2800, 4857
2803, 4857
2804, 4857
2804, 4857
2806, 4857
2807, 4857
2809, 4857
2812, 4857
2813, 4857
2814, 4857
2815, 4857
2817, 4857
2818, 4857
2820, 4857
2822, 4857
2823, 4857
2825, 4857
2826, 4857
2828, 4857
2829, 4857
2832, 4857
2834, 4857
2836, 4857
2837, 4857
2839, 4857
2841, 4857
2843, 4857
2845, 4857
2846, 4857
2850, 4857
2888, 4873
2888, 4873
2890, 4873
2892, 4875
2894, 4875
2895, 4875
2896, 4875
2897, 4875
2898, 4875
2900, 4875
2901, 4875
2903, 4875
2905, 4875
2908, 4875
2910, 4875
2912, 4875
2913, 4875
2915, 4875
2917, 4875
2918, 4875
2920, 4875
2923, 4875
2925, 4875
2927, 4875
2928, 4875
2930, 4875
2933, 4875
2934, 4875
2934, 4875
2934, 4875
2937, 4875
2938, 4875
2940, 4875
2941, 4875
2942, 4875
2943, 4875
2944, 4875
2945, 4875
2946, 4875
2947, 4875
2948, 4875
2949, 4875
2950, 4875
2951, 4875
2952, 4875
2953, 4875
2955, 4875
2958, 4875
2962, 4875
2963, 4875
2964, 4875
2965, 4875
2967, 4875
2968, 4875
2970, 4875
2972, 4875
2974, 4875
2976, 4875
2978, 4875
2980, 4875
2982, 4875
2983, 4875
2985, 4875
2987, 4875
2990, 4875
2992, 4875
2993, 4875
2995, 4875
2996, 4875
2997, 4875
2998, 4875
2999, 4875
3001, 4875
3002, 4875
3003, 4875
3005, 4875
3007, 4875
3008, 4875
3009, 4875
3010, 4875
3011, 4875
3012, 4875
3014, 4875
3016, 4875
3017, 4875
3021, 4875
3023, 4875
3026, 4875
3028, 4875
3030, 4875
3032, 4875
3034, 4875
3035, 4875
3036, 4875
3038, 4875
3039, 4875
3042, 4875
3044, 4875
3047, 4875
3049, 4875
3050, 4875
3052, 4875
3056, 4875
3057, 4875
3059, 4875
3060, 4875
3062, 4875
3063, 4875
3065, 4875
3066, 4875
3069, 4875
3071, 4875
3073, 4875
3074, 4875
3076, 4875
3079, 4875
3080, 4875
3082, 4875
3084, 4875
3085, 4875
3087, 4875
3088, 4875
3090, 4875
3093, 4875
3095, 4875
3096, 4875
3096, 4875
3096, 4875
3099, 4875
3100, 4875
3100, 4875
3103, 4875
3106, 4875
3108, 4875
3109, 4875
3110, 4875
3111, 4875
3112, 4877
3113, 4877
3115, 4877
3117, 4877
3119, 4877
3121, 4877
3124, 4877
3126, 4877
3129, 4877
3131, 4877
3132, 4877
3134, 4877
3136, 4877
3138, 4877
3139, 4877
3141, 4877
3142, 4877
3143, 4877
3145, 4877
3146, 4877
3147, 4877
3149, 4877
3151, 4877
3152, 4877
3154, 4877
3155, 4877
3156, 4877
3159, 4877
3161, 4877
3163, 4877
3164, 4877
3166, 4877
3168, 4877
3171, 4877
3174, 4877
3178, 4877
3182, 4877
3183, 4877
3184, 4877
3187, 4877
3191, 4877
3192, 4877
3193, 4877
3194, 4877
3195, 4877
3196, 4877
3197, 4877
3198, 4877
3199, 4877
3200, 4877
3201, 4877
3202, 4877
3203, 4877
3205, 4877
3205, 4877
3205, 4877
3208, 4877
3209, 4877
3209, 4877
3213, 4877
3217, 4877
3218, 4877
3219, 4877
3220, 4877
3221, 4877
3222, 4877
3223, 4877
3224, 4877
3225, 4877
3226, 4877
3227, 4877
3228, 4877
3229, 4877
3231, 4877
3234, 4877
3238, 4877
3239, 4877
3240, 4877
3241, 4877
3243, 4877
3244, 4877
3246, 4877
3248, 4877
3250, 4877
3252, 4877
3254, 4877
3256, 4877
3258, 4877
3259, 4877
3261, 4877
3263, 4877
3264, 4877
3265, 4877
3266, 4877
3271, 4877
3272, 4877
3274, 4877
3275, 4877
3276, 4877
3277, 4877
3278, 4877
3279, 4877
3281, 4877
3282, 4877
3284, 4877
3287, 4877
3289, 4877
3292, 4877
3294, 4877
3295, 4877
3297, 4877
3301, 4877
3302, 4877
3304, 4877
3305, 4877
3307, 4877
3308, 4877
3310, 4877
3311, 4877
3314, 4877
3316, 4877
3318, 4877
3319, 4877
3321, 4877
3324, 4877
3325, 4877
3327, 4877
3329, 4877
3330, 4877
3332, 4877
3333, 4877
3335, 4877
3338, 4877
3340, 4877
3341, 4877
3341, 4877
3341, 4877
3344, 4877
3345, 4877
3345, 4877
3348, 4877
3349, 4877
3350, 4877
3351, 4877
3352, 4877
3353, 4877
3354, 4877
3355, 4877
3356, 4877
3357, 4877
3358, 4877
3359, 4877
3360, 4877
3362, 4877
3364, 4877
3365, 4877
3366, 4877
3367, 4877
3369, 4877
3370, 4877
3372, 4877
3374, 4877
3376, 4877
3378, 4877
3380, 4877
3382, 4877
3384, 4877
3385, 4877
3386, 4877
3388, 4877
3389, 4877
3390, 4877
3391, 4877
3392, 4877
3393, 4877
3396, 4877
3400, 4877
3403, 4877
3404, 4877
3406, 4877
3407, 4877
3409, 4877
3412, 4877
3414, 4877
3416, 4877
3417, 4877
3419, 4877
3422, 4877
3424, 4877
3427, 4877
3429, 4877
3430, 4877
3432, 4877
3434, 4877
3435, 4877
3437, 4877
3439, 4877
3440, 4877
3442, 4877
3443, 4877
3445, 4877
3447, 4877
3448, 4877
3450, 4877
3452, 4877
3454, 4877
3455, 4877
3457, 4877
3459, 4877
3460, 4877
3463, 4877
3466, 4877
3467, 4877
3468, 4877
3469, 4877
3471, 4877
3472, 4877
3475, 4877
3477, 4877
3479, 4877
3480, 4877
3481, 4877
3482, 4877
3484, 4877
3485, 4877
3485, 4877
3485, 4877
3488, 4877
3489, 4877
3489, 4877
3491, 4877
3492, 4877
3493, 4877
3494, 4877
3495, 4877
3497, 4877
3498, 4877
3499, 4877
3500, 4877
3501, 4877
3502, 4877
3503, 4877
3504, 4877
3505, 4877
3506, 4877
3508, 4877
3509, 4877
3510, 4877
3511, 4877
3512, 4877
3515, 4877
3517, 4877
3520, 4877
3522, 4877
3523, 4877
3525, 4877
3526, 4877
3527, 4877
3530, 4877
3532, 4877
3534, 4877
3536, 4877
3539, 4877
3541, 4877
3542, 4877
3543, 4877
3546, 4877
3548, 4877
3550, 4877
3551, 4877
3553, 4877
3556, 4877
3557, 4877
3557, 4877
3557, 4877
3560, 4877
3561, 4877
3561, 4877
3563, 4877
3564, 4877
3567, 4877
3570, 4877
3572, 4877
3573, 4877
3574, 4877
3575, 4877
3578, 4877
3579, 4877
3581, 4877
3583, 4877
3587, 4877
3589, 4877
3591, 4877
3592, 4877
3594, 4877
3596, 4877
3598, 4877
3600, 4877
3602, 4877
3603, 4877
3605, 4877
3608, 4877
3610, 4877
3611, 4877
3615, 4877
3616, 4877
3618, 4877
3619, 4877
3620, 4877
3622, 4877
3624, 4877
3625, 4877
3627, 4877
3629, 4877
3630, 4877
3632, 4877
3633, 4877
3635, 4877
3638, 4877
3640, 4877
3642, 4877
3643, 4877
3643, 4877
3643, 4877
3646, 4877
3647, 4877
3647, 4877
3649, 4877
3650, 4877
3652, 4877
3655, 4877
3656, 4877
3657, 4877
3658, 4877
3660, 4877
3661, 4877
3663, 4877
3665, 4877
3666, 4877
3668, 4877
3669, 4877
3671, 4877
3672, 4877
3675, 4877
3677, 4877
3679, 4877
3680, 4877
3682, 4877
3684, 4877
3686, 4877
3688, 4877
3689, 4877
3693, 4877
3694, 4877
3696, 4877
3697, 4877
3702, 4877
3705, 4877
3706, 4877
3710, 4877
3711, 4877
3713, 4877
3714, 4877
3752, 4877
3752, 4877
3754, 4877
3756, 4877
3758, 4877
3759, 4877
3760, 4877
3761, 4877
3762, 4877
3764, 4877
3765, 4877
3767, 4877
3769, 4877
3772, 4877
3774, 4877
3776, 4877
3777, 4877
3779, 4877
3781, 4877
3782, 4877
3784, 4877
3787, 4877
3789, 4877
3791, 4877
3792, 4877
3794, 4877
3797, 4877
3798, 4877
3798, 4877
3798, 4877
3801, 4877
3802, 4877
3804, 4877
3805, 4877
3806, 4877
3807, 4877
3808, 4877
3809, 4877
3810, 4877
3811, 4877
3812, 4877
3813, 4877
3814, 4877
3815, 4877
3816, 4877
3817, 4877
3819, 4877
3822, 4877
3826, 4877
3827, 4877
3828, 4877
3829, 4877
3831, 4877
3832, 4877
3834, 4877
3836, 4877
3838, 4877
3840, 4877
3842, 4877
3844, 4877
3846, 4877
3847, 4877
3849, 4877
3851, 4877
3854, 4877
3856, 4877
3857, 4877
3859, 4877
3860, 4877
3861, 4877
3862, 4877
3863, 4877
3865, 4877
3866, 4877
3867, 4877
3869, 4877
3871, 4877
3872, 4877
3873, 4877
3874, 4877
3875, 4877
3876, 4877
3878, 4877
3880, 4877
3881, 4877
3885, 4877
3887, 4877
3890, 4877
3892, 4877
3894, 4877
3896, 4877
3898, 4877
3899, 4877
3900, 4877
3902, 4877
3903, 4877
3906, 4877
3908, 4877
3911, 4877
3913, 4877
3914, 4877
3916, 4877
3920, 4877
3921, 4877
3923, 4877
3924, 4877
3926, 4877
3927, 4877
3929, 4877
3930, 4877
3933, 4877
3935, 4877
3937, 4877
3938, 4877
3940, 4877
3943, 4877
3944, 4877
3946, 4877
3948, 4877
3949, 4877
3951, 4877
3952, 4877
3954, 4877
3957, 4877
3959, 4877
3960, 4877
3960, 4877
3960, 4877
3963, 4877
3964, 4877
3964, 4877
3967, 4877
3970, 4877
3972, 4877
3973, 4877
3974, 4877
3975, 4877
3976, 4877
3977, 4877
3979, 4877
3981, 4877
3983, 4877
3985, 4877
3988, 4877
3990, 4877
3993, 4877
3995, 4877
3996, 4877
3998, 4877
4000, 4877
4002, 4877
4003, 4877
4005, 4877
4006, 4877
4007, 4877
4009, 4877
4010, 4877
4011, 4877
4013, 4877
4015, 4877
4016, 4877
4018, 4877
4019, 4877
4020, 4877
4023, 4877
4025, 4877
4027, 4877
4028, 4877
4030, 4877
4032, 4877
4035, 4877
4038, 4877
4042, 4877
4046, 4877
4047, 4877
4048, 4877
4051, 4877
4055, 4877
4056, 4877
4057, 4877
4058, 4877
4059, 4877
4060, 4877
4061, 4877
4062, 4877
4063, 4877
4064, 4877
4065, 4877
4066, 4877
4067, 4877
4069, 4877
4069, 4877
4069, 4877
4072, 4877
4073, 4877
4073, 4877
4077, 4877
4081, 4877
4082, 4877
4083, 4877
4084, 4877
4085, 4877
4086, 4877
4087, 4877
4088, 4877
4089, 4877
4090, 4877
4091, 4877
4092, 4877
4093, 4877
4095, 4877
4098, 4877
4102, 4877
4103, 4877
4104, 4877
4105, 4877
4107, 4877
4108, 4877
4110, 4877
4112, 4877
4114, 4877
4116, 4877
4118, 4877
4120, 4877
4122, 4877
4123, 4877
4125, 4877
4127, 4877
4128, 4877
4129, 4877
4130, 4877
4135, 4877
4136, 4877
4138, 4877
4139, 4877
4140, 4877
4141, 4877
4142, 4877
4143, 4877
4145, 4877
4146, 4877
4148, 4877
4151, 4877
4153, 4877
4156, 4877
4158, 4877
4159, 4877
4161, 4877
4165, 4877
4166, 4877
4168, 4877
4169, 4877
4171, 4877
4172, 4877
4174, 4877
4175, 4877
4178, 4877
4180, 4877
4182, 4877
4183, 4877
4185, 4877
4188, 4877
4189, 4877
4191, 4877
4193, 4877
4194, 4877
4196, 4877
4197, 4877
4199, 4877
4202, 4877
4204, 4877
4205, 4877
4205, 4877
4205, 4877
4208, 4877
4209, 4877
4209, 4877
4212, 4877
4213, 4877
4214, 4877
4215, 4877
4216, 4877
4217, 4877
4218, 4877
4219, 4877
4220, 4877
4221, 4877
4222, 4877
4223, 4877
4224, 4877
4226, 4877
4228, 4877
4229, 4877
4230, 4877
4231, 4877
4233, 4877
4234, 4877
4236, 4877
4238, 4877
4240, 4877
4242, 4877
4244, 4877
4246, 4877
4248, 4877
4249, 4877
4250, 4877
4252, 4877
4253, 4877
4254, 4877
4255, 4877
4256, 4877
4257, 4877
4260, 4877
4264, 4877
4267, 4877
4268, 4877
4270, 4877
4271, 4877
4273, 4877
4276, 4877
4278, 4877
4280, 4877
4281, 4877
4283, 4877
4286, 4877
4288, 4877
4291, 4877
4293, 4877
4294, 4877
4296, 4877
4298, 4877
4299, 4877
4301, 4877
4303, 4877
4304, 4877
4306, 4877
4307, 4877
4309, 4877
4311, 4877
4312, 4877
4314, 4877
4316, 4877
4318, 4877
4319, 4877
4321, 4877
4323, 4877
4324, 4877
4327, 4877
4330, 4877
4331, 4877
4332, 4877
4333, 4877
4335, 4877
4336, 4877
4339, 4877
4341, 4877
4343, 4877
4344, 4877
4345, 4877
4346, 4877
4348, 4877
4349, 4877
4349, 4877
4349, 4877
4352, 4877
4353, 4877
4353, 4877
4355, 4877
4356, 4877
4357, 4877
4358, 4877
4359, 4877
4361, 4877
4362, 4877
4363, 4877
4364, 4877
4365, 4877
4366, 4877
4367, 4877
4368, 4877
4369, 4877
4370, 4877
4372, 4877
4373, 4877
4374, 4877
4375, 4877
4376, 4877
4379, 4877
4381, 4877
4384, 4877
4386, 4877
4387, 4877
4389, 4877
4390, 4877
4391, 4877
4394, 4877
4396, 4877
4398, 4877
4400, 4877
4403, 4877
4405, 4877
4406, 4877
4407, 4877
4410, 4877
4412, 4877
4414, 4877
4415, 4877
4417, 4877
4420, 4877
4421, 4877
4421, 4877
4421, 4877
4424, 4877
4425, 4877
4425, 4877
4427, 4877
4428, 4877
4431, 4877
4434, 4877
4436, 4877
4437, 4877
4438, 4877
4439, 4877
4442, 4877
4443, 4877
4445, 4877
4447, 4877
4451, 4877
4453, 4877
4455, 4877
4456, 4877
4458, 4877
4460, 4877
4462, 4877
4464, 4877
4466, 4877
4467, 4877
4469, 4877
4472, 4877
4474, 4877
4475, 4877
4479, 4877
4480, 4877
4482, 4877
4483, 4877
4484, 4877
4486, 4877
4488, 4877
4489, 4877
4491, 4877
4493, 4877
4494, 4877
4496, 4877
4497, 4877
4499, 4877
4502, 4877
4504, 4877
4506, 4877
4507, 4877
4507, 4877
4507, 4877
4510, 4877
4511, 4877
4511, 4877
4513, 4877
4514, 4877
4516, 4877
4519, 4877
4520, 4877
4521, 4877
4522, 4877
4524, 4877
4525, 4877
4527, 4877
4529, 4877
4530, 4877
4532, 4877
4533, 4877
4535, 4877
4536, 4877
4539, 4877
4541, 4877
4543, 4877
4544, 4877
4546, 4877
4548, 4877
4550, 4877
4552, 4877
4553, 4877
4557, 4877
4558, 4877
4560, 4877
4561, 4877
4566, 4877
4569, 4877
4570, 4877
4574, 4877
4575, 4877
4577, 4877
4578, 4877
4616, 4877
4616, 4877
4618, 4877
4620, 4877
4622, 4877
4623, 4877
4624, 4877
4625, 4877
4626, 4877
4628, 4877
4629, 4877
4631, 4877
4633, 4877
4636, 4877
4638, 4877
4640, 4877
4641, 4877
4643, 4877
4645, 4877
4646, 4877
4648, 4877
4651, 4877
4653, 4877
4655, 4877
4656, 4877
4658, 4877
4661, 4877
4662, 4877
4662, 4877
4662, 4877
4665, 4877
4666, 4877
4668, 4877
4669, 4877
4670, 4877
4671, 4877
4672, 4877
4673, 4877
4674, 4877
4675, 4877
4676, 4877
4677, 4877
4678, 4877
4679, 4877
4680, 4877
4681, 4877
4683, 4877
4686, 4877
4690, 4877
4691, 4877
4692, 4877
4693, 4877
4695, 4877
4696, 4877
4698, 4877
4700, 4877
4702, 4877
4704, 4877
4706, 4877
4708, 4877
4710, 4877
4711, 4877
4713, 4877
4715, 4877
4718, 4877
4720, 4877
4721, 4877
4723, 4877
4724, 4877
4725, 4877
4726, 4877
4727, 4877
4729, 4877
4730, 4877
4731, 4877
4733, 4877
4735, 4877
4736, 4877
4737, 4877
4738, 4877
4739, 4877
4740, 4877
4742, 4877
4744, 4877
4745, 4877
4749, 4877
4751, 4877
4754, 4877
4756, 4877
4758, 4877
4760, 4877
4762, 4877
4763, 4877
4764, 4877
4766, 4877
4767, 4877
4770, 4877
4772, 4877
4775, 4877
4777, 4877
4778, 4877
4780, 4877
4784, 4877
4785, 4877
4787, 4877
4788, 4877
4790, 4877
4791, 4877
4793, 4877
4794, 4877
4797, 4877
4799, 4877
4801, 4877
4802, 4877
4804, 4877
4807, 4877
4808, 4877
4810, 4877
4812, 4877
4813, 4877
4815, 4877
4816, 4877
4818, 4877
4821, 4877
4823, 4877
4824, 4877
4824, 4877
4824, 4877
4827, 4877
4828, 4877
4828, 4877
4831, 4877
4834, 4877
4836, 4877
4837, 4877
4838, 4877
4839, 4877
4840, 4877
4841, 4877
4843, 4877
4845, 4877
4847, 4877
4849, 4877
4852, 4877
4854, 4877
4857, 4877
4859, 4877
4860, 4877
4862, 4877
4864, 4877
4866, 4877
4867, 4877
4869, 4877
4870, 4877
4871, 4877
4873, 4877
4874, 4877
4875, 4877
4877, 4877
4879, 4877
4880, 4877
4882, 4877
4883, 4877
4884, 4877
4887, 4877
4889, 4877
4891, 4877
4892, 4877
4894, 4877
4896, 4877
4899, 4877
4902, 4877
4906, 4877
4910, 4877
4911, 4877
4912, 4877
4915, 4877
4919, 4877
4920, 4877
4921, 4877
4922, 4877
4923, 4877
4924, 4877
4925, 4877
4926, 4877
4927, 4877
4928, 4877
4929, 4877
4930, 4877
4931, 4877
4933, 4877
4933, 4877
4933, 4877
4936, 4877
4937, 4877
4937, 4877
4941, 4877
4945, 4877
4946, 4877
4947, 4877
4948, 4877
4949, 4877
4950, 4877
4951, 4877
4952, 4877
4953, 4877
4954, 4877
4955, 4877
4956, 4877
4957, 4877
4959, 4877
4962, 4877
4966, 4877
4967, 4877
4968, 4877
4969, 4877
4971, 4877
4972, 4877
4974, 4877
4976, 4877
4978, 4877
4980, 4877
4982, 4877
4984, 4877
4986, 4877
4987, 4877
4989, 4877
4991, 4877
4992, 4877
4993, 4877
4994, 4877
4999, 4877
5000, 4877
5002, 4877
5003, 4877
5004, 4877
5005, 4877
5006, 4877
5007, 4877
5009, 4877
5010, 4877
5012, 4877
5015, 4877
5017, 4877
5020, 4877
5022, 4877
5023, 4877
5025, 4877
5029, 4877
5030, 4877
5032, 4877
5033, 4877
5035, 4877
5036, 4877
5038, 4877
5039, 4877
5042, 4877
5044, 4877
5046, 4877
5047, 4877
5049, 4877
5052, 4877
5053, 4877
5055, 4877
5057, 4877
5058, 4877
5060, 4877
5061, 4877
5063, 4877
5066, 4877
5068, 4877
5069, 4877
5069, 4877
5069, 4877
5072, 4877
5073, 4877
5073, 4877
5076, 4877
5077, 4877
5078, 4877
5079, 4877
5080, 4877
5081, 4877
5082, 4877
5083, 4877
5084, 4877
5085, 4877
5086, 4877
5087, 4877
5088, 4877
5090, 4877
5092, 4877
5093, 4877
5094, 4877
5095, 4877
5097, 4877
5098, 4877
5100, 4877
5102, 4877
5104, 4877
5106, 4877
5108, 4877
5110, 4877
5112, 4877
5113, 4877
5114, 4877
5116, 4877
5117, 4877
5118, 4877
5119, 4877
5120, 4877
5121, 4877
5124, 4877
5128, 4877
5131, 4877
5132, 4877
5134, 4877
5135, 4877
5137, 4877
5140, 4877
5142, 4877
5144, 4877
5145, 4877
5147, 4877
5150, 4877
5152, 4877
5155, 4877
5157, 4877
5158, 4877
5160, 4877
5162, 4877
5163, 4877
5165, 4877
5167, 4877
5168, 4877
5170, 4877
5171, 4877
5173, 4877
5175, 4877
5176, 4877
5178, 4877
5180, 4877
5182, 4877
5183, 4877
5185, 4877
5187, 4877
5188, 4877
5191, 4877
5194, 4877
5195, 4877
5196, 4877
5197, 4877
5199, 4877
5200, 4877
5203, 4877
5205, 4877
5207, 4877
5208, 4877
5209, 4877
5210, 4877
5212, 4877
5213, 4877
5213, 4877
5213, 4877
5216, 4877
5217, 4877
5217, 4877
5219, 4877
5220, 4877
5221, 4877
5222, 4877
5223, 4877
5225, 4877
5226, 4877
5227, 4877
5228, 4877
5229, 4877
5230, 4877
5231, 4877
5232, 4877
5233, 4877
5234, 4877
5236, 4877
5237, 4877
5238, 4877
5239, 4877
5240, 4877
5243, 4877
5245, 4877
5248, 4877
5250, 4877
5251, 4877
5253, 4877
5254, 4877
5255, 4877
5258, 4877
5260, 4877
5262, 4877
5264, 4877
5267, 4877
5269, 4877
5270, 4877
5271, 4877
5274, 4877
5276, 4877
5278, 4877
5279, 4877
5281, 4877
5284, 4877
5285, 4877
5285, 4877
5285, 4877
5288, 4877
5289, 4877
5289, 4877
5291, 4877
5292, 4877
5295, 4877
5298, 4877
5300, 4877
5301, 4877
5302, 4877
5303, 4877
5306, 4877
5307, 4877
5309, 4877
5311, 4877
5315, 4877
5317, 4877
5319, 4877
5320, 4877
5322, 4877
5324, 4877
5326, 4877
5328, 4877
5330, 4877
5331, 4877
5333, 4877
5336, 4877
5338, 4877
5339, 4877
5343, 4877
5344, 4877
5346, 4877
5347, 4877
5348, 4877
5350, 4877
5352, 4877
5353, 4877
5355, 4877
5357, 4877
5358, 4877
5360, 4877
5361, 4877
5363, 4877
5366, 4877
5368, 4877
5370, 4877
5371, 4877
5371, 4877
5371, 4877
5374, 4877
5375, 4877
5375, 4877
5377, 4877
5378, 4877
5380, 4877
5383, 4877
5384, 4877
5385, 4877
5386, 4877
5388, 4877
5389, 4877
5391, 4877
5393, 4877
5394, 4877
5396, 4877
5397, 4877
5399, 4877
5400, 4877
5403, 4877
5405, 4877
5407, 4877
5408, 4877
5410, 4877
5412, 4877
5414, 4877
5416, 4877
5417, 4877
5421, 4877
5422, 4877
5424, 4877
5425, 4877
5430, 4877
5433, 4877
5434, 4877
5438, 4877
5439, 4877
5441, 4877
5442, 4877
5480, 4877
5480, 4877
5482, 4877
5484, 4877
5486, 4877
5487, 4877
5488, 4877
5489, 4877
5490, 4877
5492, 4877
5493, 4877
5495, 4877
5497, 4877
5500, 4877
5502, 4877
5504, 4877
5505, 4877
5507, 4877
5509, 4877
5510, 4877
5512, 4877
5515, 4877
5517, 4877
5519, 4877
5520, 4877
5522, 4877
5525, 4877
5526, 4877
5526, 4877
5526, 4877
5529, 4877
5530, 4877
5532, 4877
5533, 4877
5534, 4877
5535, 4877
5536, 4877
5537, 4877
5538, 4877
5539, 4877
5540, 4877
5541, 4877
5542, 4877
5543, 4877
5544, 4877
5545, 4877
5547, 4877
5550, 4877
5554, 4877
5555, 4877
5556, 4877
5557, 4877
5559, 4877
5560, 4877
5562, 4877
5564, 4877
5566, 4877
5568, 4877
5570, 4877
5572, 4877
5574, 4877
5575, 4877
5577, 4877
5579, 4877
5582, 4877
5584, 4877
5585, 4877
5587, 4877
5588, 4877
5589, 4877
5590, 4877
5591, 4877
5593, 4877
5594, 4877
5595, 4877
5597, 4877
5599, 4877
5600, 4877
5601, 4877
5602, 4877
5603, 4877
5604, 4877
5606, 4877
5608, 4877
5609, 4877
5613, 4877
5615, 4877
5618, 4877
5620, 4877
5622, 4877
5624, 4877
5626, 4877
5627, 4877
5628, 4877
5630, 4877
5631, 4877
5634, 4877
5636, 4877
5639, 4877
5641, 4877
5642, 4877
5644, 4877
5648, 4877
5649, 4877
5651, 4877
5652, 4877
5654, 4877
5655, 4877
5657, 4877
5658, 4877
5661, 4877
5663, 4877
5665, 4877
5666, 4877
5668, 4877
5671, 4877
5672, 4877
5674, 4877
5676, 4877
5677, 4877
5679, 4877
5680, 4877
5682, 4877
5685, 4877
5687, 4877
5688, 4877
5688, 4877
5688, 4877
5691, 4877
5692, 4877
5692, 4877
5695, 4877
5698, 4877
5700, 4877
5701, 4877
5702, 4877
5703, 4877
5704, 4877
5705, 4877
5707, 4877
5709, 4877
5711, 4877
5713, 4877
5716, 4877
5718, 4877
5721, 4877
5723, 4877
5724, 4877
5726, 4877
5728, 4877
5730, 4877
5731, 4877
5733, 4877
5734, 4877
5735, 4877
5737, 4877
5738, 4877
5739, 4877
5741, 4877
5743, 4877
5744, 4877
5746, 4877
5747, 4877
5748, 4877
5751, 4877
5753, 4877
5755, 4877
5756, 4877
5758, 4877
5760, 4877
5763, 4877
5766, 4877
5770, 4877
5774, 4877
5775, 4877
5776, 4877
5779, 4877
5783, 4877
5784, 4877
5785, 4877
5786, 4877
5787, 4877
5788, 4877
5789, 4877
5790, 4877
5791, 4877
5792, 4877
5793, 4877
5794, 4877
5795, 4877
5797, 4877
5797, 4877
5797, 4877
5800, 4877
5801, 4877
5801, 4877
5805, 4877
5809, 4877
5810, 4877
5811, 4877
5812, 4877
5813, 4877
5814, 4877
5815, 4877
5816, 4877
5817, 4877
5818, 4877
5819, 4877
5820, 4877
5821, 4877
5823, 4877
5826, 4877
5830, 4877
5831, 4877
5832, 4877
5833, 4877
5835, 4877
5836, 4877
5838, 4877
5840, 4877
5842, 4877
5844, 4877
5846, 4877
5848, 4877
5850, 4877
5851, 4877
5853, 4877
5855, 4877
5856, 4877
5857, 4877
5858, 4877
5863, 4877
5864, 4877
5866, 4877
5867, 4877
5868, 4877
5869, 4877
5870, 4877
5871, 4877
5873, 4877
5874, 4877
5876, 4877
5879, 4877
5881, 4877
5884, 4877
5886, 4877
5887, 4877
5889, 4877
5893, 4877
5894, 4877
5896, 4877
5897, 4877
5899, 4877
5900, 4877
5902, 4877
5903, 4877
5906, 4877
5908, 4877
5910, 4877
5911, 4877
5913, 4877
5916, 4877
5917, 4877
5919, 4877
5921, 4877
5922, 4877
5924, 4877
5925, 4877
5927, 4877
5930, 4877
5932, 4877
5933, 4877
5933, 4877
5933, 4877
5936, 4877
5937, 4877
5937, 4877
5940, 4877
5941, 4877
5942, 4877
5943, 4877
5944, 4877
5945, 4877
5946, 4877
5947, 4877
5948, 4877
5949, 4877
5950, 4877
5951, 4877
5952, 4877
5954, 4877
5956, 4877
5957, 4877
5958, 4877
5959, 4877
5961, 4877
5962, 4877
5964, 4877
5966, 4877
5968, 4877
5970, 4877
5972, 4877
5974, 4877
5976, 4877
5977, 4877
5978, 4877
5980, 4877
5981, 4877
5982, 4877
5983, 4877
5984, 4877
5985, 4877
5988, 4877
5992, 4877
5995, 4877
5996, 4877
5998, 4877
5999, 4877
6001, 4877
6004, 4877
6006, 4877
6008, 4877
6009, 4877
6011, 4877
6014, 4877
6016, 4877
6019, 4877
6021, 4877
6022, 4877
6024, 4877
6026, 4877
6027, 4877
6029, 4877
6031, 4877
6032, 4877
6034, 4877
6035, 4877
6037, 4877
6039, 4877
6040, 4877
6042, 4877
6044, 4877
6046, 4877
6047, 4877
6049, 4877
6051, 4877
6052, 4877
6055, 4877
6058, 4877
6059, 4877
6060, 4877
6061, 4877
6063, 4877
6064, 4877
6067, 4877
6069, 4877
6071, 4877
6072, 4877
6073, 4877
6074, 4877
6076, 4877
6077, 4877
6077, 4877
6077, 4877
6080, 4877
6081, 4877
6081, 4877
6083, 4877
6084, 4877
6085, 4877
6086, 4877
6087, 4877
6089, 4877
6090, 4877
6091, 4877
6092, 4877
6093, 4877
6094, 4877
6095, 4877
6096, 4877
6097, 4877
6098, 4877
6100, 4877
6101, 4877
6102, 4877
6103, 4877
6104, 4877
6107, 4877
6109, 4877
6112, 4877
6114, 4877
6115, 4877
6117, 4877
6118, 4877
6119, 4877
6122, 4877
6124, 4877
6126, 4877
6128, 4877
6131, 4877
6133, 4877
6134, 4877
6135, 4877
6138, 4877
6140, 4877
6142, 4877
6143, 4877
6145, 4877
6148, 4877
6149, 4877
6149, 4877
6149, 4877
6152, 4877
6153, 4877
6153, 4877
6155, 4877
6156, 4877
6159, 4877
6162, 4877
6164, 4877
6165, 4877
6166, 4877
6167, 4877
6170, 4877
6171, 4877
6173, 4877
6175, 4877
6179, 4877
6181, 4877
6183, 4877
6184, 4877
6186, 4877
6188, 4877
6190, 4877
6192, 4877
6194, 4877
6195, 4877
6197, 4877
6200, 4877
6202, 4877
6203, 4877
6207, 4877
6208, 4877
6210, 4877
6211, 4877
6212, 4877
6214, 4877
6216, 4877
6217, 4877
6219, 4877
6221, 4877
6222, 4877
6224, 4877
6225, 4877
6227, 4877
6230, 4877
6232, 4877
6234, 4877
6235, 4877
6235, 4877
6235, 4877
6238, 4877
6239, 4877
6239, 4877
6241, 4877
6242, 4877
6244, 4877
6247, 4877
6248, 4877
6249, 4877
6250, 4877
6252, 4877
6253, 4877
6255, 4877
6257, 4877
6258, 4877
6260, 4877
6261, 4877
6263, 4877
6264, 4877
6267, 4877
6269, 4877
6271, 4877
6272, 4877
6274, 4877
6276, 4877
6278, 4877
6280, 4877
6281, 4877
6285, 4877
6286, 4877
6288, 4877
6289, 4877
6294, 4877
6297, 4877
6298, 4877
6302, 4877
6303, 4877
6305, 4877
6306, 4877
6307, 4877
6311, 4877
6311, 4877
6313, 4877
6314, 4877
6317, 4877
6318, 4877
6320, 4877
6322, 4877
6323, 4877
6325, 4877
6326, 4877
6328, 4877
6331, 4877
6332, 4877
6333, 4877
6335, 4877
6337, 4877
6338, 4877
6340, 4877
6343, 4877
6346, 4877
6348, 4877
6349, 4877
